0	0	2.450201670914759E-4	0.3672541907365623	1.7449852270999764E-4	2.2112555653922033E-4	6.193570097799325E-4	0.6026161827552444	0.022184741816699733	0.006231252417098695	2.716417909612134E-4	1.819892273131485E-4
1	1	1.9447924225687475E-4	1.9887433678357348E-4	1.385042744620878E-4	1.75513432995587E-4	0.02411059036458023	0.45941783850657714	2.8804700957296193E-4	2.2211840545083205E-4	0.5151095845746947	1.444498526260558E-4
2	2	0.001652021330005534	0.40748941863545235	0.010422213032187105	1.638999773733295E-4	4.5907221886828345E-4	0.43195968322977085	2.6898737917485047E-4	0.020793167917805302	0.1266566444527204	1.348918266420474E-4
3	3	3.468589684054329E-4	0.017204739521316677	2.470261052138817E-4	0.005929713531062206	0.11601873525323175	0.8558925169024494	5.137396024033284E-4	3.961541606418503E-4	0.003192885751215028	2.5763020406060523E-4
4	4	2.3256344292849374E-4	0.01530140062124888	0.003931522441729379	0.007741674328293791	0.008119659858821572	0.6152872213002212	0.043652250810818236	2.6561508832496786E-4	0.2864658783780522	0.01900221372956142
5	5	0.01698717673668923	0.002097074796943518	1.6377679107087357E-4	2.075389150081305E-4	0.002443214164390848	0.569313396089077	0.004064430951095107	2.6264777620617087E-4	0.4042899365360197	1.7080724349941774E-4
6	6	0.021979651207293616	0.33616337527984563	1.7380891725992406E-4	2.2025168444808849E-4	0.006544800085646482	0.6041866146528168	0.026048996486230432	2.787362318227762E-4	2.705682823915969E-4	0.004133197172244799
7	7	1.7442933191699295E-4	0.02842367943266061	1.242251243973869E-4	0.0015696842158735055	0.3097270428435526	0.45442194651033774	0.04121404746940143	0.014321873085293632	0.14989351424561306	1.2955774095309817E-4
8	8	0.005086469352189194	2.0567531725752139E-4	1.4324075721501375E-4	1.8151553185873778E-4	5.084121383350902E-4	0.5304959032846608	2.9789746146820413E-4	2.2971427208102224E-4	0.4594448892729444	0.003406282611990062
9	9	1.5227840674624993E-4	0.5007215051895003	0.0013413703267634819	1.37428064964542E-4	0.0484688317624758	0.3991803688734972	0.011321828409878202	0.03839446030073627	1.688235691955437E-4	1.1310509624246962E-4
10	10	0.023168614038565266	0.05429206844034987	0.06912351750290213	0.015034140196571516	0.005834542934577851	0.434008682222251	0.08548837093798946	0.3113876406323482	0.001538299512172395	1.241235822723973E-4
11	11	1.682513281309099E-4	0.0655598260670131	0.06278310713327076	0.0069630695804114035	0.04810388632016674	0.40290868212210335	0.11876453776596094	0.2944371387064639	1.865319603998963E-4	1.2496901607908728E-4
12	12	0.002364875590731521	0.26548311163373406	1.8515027334583493E-4	2.3462351773045033E-4	0.030125748246493264	0.6625550083228873	0.0024899554683180795	0.006611620948964156	0.02975680777174904	1.930982260464501E-4
13	13	1.1227370580027817E-4	0.058292281588755074	0.04189501609178214	0.056460749282690424	0.01664621679627838	0.28340436027214105	0.3137792181049581	0.22920202030666254	1.2447232765968084E-4	8.339152327223772E-5
14	14	1.3152235791488148E-4	0.004393972687868268	9.366762512619648E-5	1.1869616667276561E-4	3.324595492866308E-4	0.3522248552115275	0.14714679191894156	0.34942741154577467	0.1460329344381184	9.768849876915031E-5
15	15	2.1818439964043043E-4	0.0867829818457581	1.5538661926309407E-4	1.9690683983842694E-4	5.515221010010813E-4	0.5436809200847478	3.2315718182862466E-4	0.023214055087912123	0.34471482893353744	1.6205690647301223E-4
16	16	2.5099527041115354E-4	0.2298930968178514	1.787538732580776E-4	2.2651796183641284E-4	0.03314935338916525	0.722985084178495	3.7175400428286065E-4	2.866664256424265E-4	0.008406989252307002	0.004250788826750525
17	17	2.445350576071111E-4	0.012129315811845728	1.7415303731841084E-4	2.2068775541457834E-4	0.02437663962662026	0.5737048172505902	3.621856567419364E-4	0.31309965484056884	0.0755063820520357	1.8162891125725068E-4
18	18	1.5612828242682884E-4	1.5965667214901152E-4	1.1119147848168589E-4	0.0014049936319968158	0.5515383927923185	0.37640600667360247	0.002759426922972372	0.007762863862275683	0.059585375084544326	1.1596459923227317E-4
19	19	2.1895799043430508E-4	0.3671916972843631	1.5593755534446072E-4	0.05515413407577373	0.032463720263501444	0.5438357943915324	3.243029622842809E-4	2.500760447829602E-4	2.4274793937528123E-4	1.6263149260812513E-4
20	20	3.292886322342642E-4	3.3673032446034426E-4	2.345128588889687E-4	2.971760770926904E-4	0.06748442511808078	0.7778777308584723	4.877158338377766E-4	0.12301586977209647	0.029691970723693267	2.445798011432427E-4
21	21	1.985433838395726E-4	2.0303032511669343E-4	1.413986758115093E-4	0.003394190425776376	0.040689488818672355	0.47705607320690385	2.9406648916261905E-4	0.0018342647332625069	0.4760414754394042	1.4746850205033066E-4
22	22	3.249568241467313E-4	3.3230062054703953E-4	2.314278307424672E-4	2.9326671124110646E-4	8.214192705042227E-4	0.7439656230294381	4.812999081524548E-4	0.1371836487622523	3.602636254154979E-4	0.11600579341756016
23	23	0.023814445353998192	0.021855608946678755	1.7278466862455873E-4	2.189537505400399E-4	0.2756179768233044	0.5613397822305416	0.11625417893793581	2.770936509381349E-4	2.689738348892383E-4	1.8020180254935914E-4
24	24	0.009412640542706727	0.07561663386471726	2.0078788671118314E-4	2.544395935611007E-4	0.1125638213576887	0.7139484115479952	4.175780895589779E-4	3.2200222991917923E-4	0.011725949505534732	0.07553773538160707
25	25	0.0036544060279535676	2.1735573946573682E-4	1.513754840456571E-4	1.9182390564772392E-4	0.0022582120723187373	0.5175999048320168	3.148152334745919E-4	0.001963686790360235	0.47004869251023035	0.003599727404486629
26	26	2.0755167099056348E-4	0.4270440289465098	1.478141999647048E-4	1.873110254687691E-4	0.01396816574775629	0.540712008103591	0.012070489576752	2.3704867251687385E-4	0.0052714226308015946	1.5415942564851653E-4
27	27	3.420559212674183E-4	0.008658143562287536	2.4360546992479903E-4	3.086982873926258E-4	0.10333438349795838	0.7886516992207423	5.066257153432601E-4	3.9066851004376823E-4	0.01699593538621533	0.08056818442882466
28	28	1.9727490258987675E-4	2.0173317708007952E-4	1.4049528852390445E-4	0.0017752708066936405	0.0899437910391806	0.46123031702936695	0.42036482148881377	0.02578106096486122	2.1870896786714883E-4	1.4652633502288277E-4
29	29	3.134125435305243E-4	3.2049544728253665E-4	2.2320622214105885E-4	0.002820389880703918	0.0464679873982499	0.712460727284849	4.642014483344276E-4	3.579543688541325E-4	0.16275013003210645	0.07382149537394822
30	30	2.6442948331646465E-4	2.7040540424938823E-4	0.06441684440601039	0.0023795928219857198	0.16766257916019034	0.6332249250024943	3.9165167977992036E-4	3.020098932248091E-4	0.030266470654665676	0.1008210914940831
31	31	0.044139562610888736	0.30155435040049156	0.029864820983040653	0.023427606256942495	4.0384689330084076E-4	0.42656277909225687	0.002823675827443947	0.17092757137870213	1.7712190487573755E-4	1.1866465205705798E-4
32	32	1.5060722591146123E-4	0.0013734007977812676	0.012301159032638983	1.3591985934801261E-4	0.001600091845753683	0.3826056605466575	2.2306730806044355E-4	0.33550424874166107	0.26599398081890824	1.1186382327937433E-4
33	33	0.038251646203425346	0.26255649924436675	1.6720124582581127E-4	2.1187840425863515E-4	0.0024943000130503126	0.6534493868125155	0.004149415275220559	2.6813955205683956E-4	2.60282122517174E-4	0.038191251126763165
34	34	2.4847058466639444E-4	0.35029679292018095	1.76955841944994E-4	2.2423948595818823E-4	0.03080417434281429	0.6010436325494819	0.01042671312199773	0.006319002021994214	2.754670989786755E-4	1.8455203198274413E-4
35	35	0.024731133678797968	0.1893357925904808	0.13148363089682735	0.0019462442564769434	5.46693355699271E-4	0.5546803792971782	3.203278414981668E-4	0.09655538756097791	2.397724735552954E-4	1.6063804850823245E-4
36	36	0.003183281304554798	0.3329819031759599	1.318602105634979E-4	1.6709403606063713E-4	0.0034661498018463623	0.5033384063662824	0.06923124813871494	0.08715726964232659	2.0526674494270145E-4	1.3752057874828738E-4
37	37	2.2250813472468543E-4	0.3263053662165365	1.584658979761406E-4	0.007406948799619709	5.624515508690384E-4	0.5886841466031338	0.0021310961203423054	0.06871245958807508	0.005651288719224455	1.65268369498407E-4
38	38	2.2331274616758112E-4	0.45404878363385986	1.5903892635093736E-4	0.0020095845636181674	0.002372534930068162	0.5401875007915843	3.307528761765515E-4	2.5504969332446135E-4	2.4757584256638503E-4	1.6586599628365539E-4
39	39	0.0017072491861772378	0.49860990013540374	1.3366354438644788E-4	1.6937923131061941E-4	0.014150522233514656	0.4798307742336791	0.0017975467561862993	2.143553580662306E-4	0.003247207996926089	1.3940132434962267E-4
40	40	1.447812475506279E-4	0.0024924931551664974	1.0311034439978535E-4	1.306620361952606E-4	0.05311587404248735	0.38890518617577274	0.006075538219874867	0.40223680931657546	0.14668800889597172	1.0753656600575021E-4
41	41	2.2996536641505942E-4	0.0691259202780402	1.6377679107087357E-4	2.075389150081305E-4	5.813017899159404E-4	0.569313396089077	3.406062021452921E-4	0.01701985914648034	0.3428468281783477	1.7080724349941774E-4
42	42	1.6400640610052638E-4	1.6771283589442628E-4	1.1680212253235965E-4	1.4801233814944187E-4	0.015021211230208548	0.4007106950317438	0.0015707893834289591	0.5114196854977338	0.07055926906259856	1.2181609160970822E-4
43	43	1.9447924225687475E-4	0.5213912466024475	1.385042744620878E-4	1.75513432995587E-4	4.916006848673621E-4	0.47201463300242397	0.005011844945515535	2.2211840545083205E-4	2.1560955695419992E-4	1.444498526260558E-4
44	44	2.132863088679892E-4	0.24025311227865578	0.024328085935216688	1.9248641575296248E-4	0.03334968117428504	0.5470174896230038	0.0037696436151314194	0.13321263032737282	0.017505165482121297	1.584188395923646E-4
45	45	3.6317779792501123E-4	3.7138536153619807E-4	0.006139579139783624	3.277603376169213E-4	9.180334729643606E-4	0.8432316963986571	5.379097399886899E-4	0.10627155176125078	4.026373364967468E-4	0.04143626865378071
46	46	2.9055628471904123E-4	0.0379369012289848	0.0025594146071295266	0.033197027200601886	0.003086948445519725	0.6769704563749053	4.303485963576731E-4	3.3184980518521126E-4	3.221254417259862E-4	0.244874372014871
47	47	1.5692173592796773E-4	0.07003881086010451	0.02298103238681455	0.02174037907479672	0.006749240200422799	0.3821304710423045	0.10314416107125987	0.3927684582903801	1.73971399555456E-4	1.1655393843359396E-4
48	48	0.0015388819243970693	1.729963439834733E-4	1.2048177505225417E-4	1.5267521551193318E-4	4.276324565415206E-4	0.481819843750886	0.09476047113438903	0.031696517664824495	0.3891848460337035	1.2565370071078585E-4
49	49	0.004605491800594112	0.030637273479619913	0.12164416936225712	2.4174747355954062E-4	0.03320927753041459	0.6761659654901356	0.01991604418550803	0.024162857234950437	0.08704940144183523	0.0023677720011254593
50	50	2.4797173009352154E-4	0.06048459745490637	0.09052313317391938	2.2378928017974928E-4	0.07089634327137552	0.6419986320291998	0.09673691055968317	0.038429526950423634	2.7491404348445656E-4	1.8418150673440867E-4
51	51	0.001691824145316693	0.004707702657142675	1.324558907817958E-4	1.6784888554443155E-4	4.701328307443038E-4	0.49356554277961884	2.754682004450537E-4	0.03635252282743867	0.462498359953214	1.3814182975356912E-4
52	52	0.007469015089996622	0.009285395405725944	0.047253763035377365	2.0190011030145848E-4	0.022301401453596083	0.5502225779413598	0.098142872978804	0.052783921097993576	0.212172986453425	1.6616643342030337E-4
53	53	2.174162558807329E-4	0.001982638332723525	1.5483956245186399E-4	1.9621360622267385E-4	0.004070197646560384	0.5364859017967164	3.2201946908182795E-4	2.4831520071192265E-4	0.45616097176351705	1.6148636613360997E-4
54	54	2.4357057864836135E-4	0.02785801092309643	1.7346615445695287E-4	2.198173334037882E-4	6.156927695086255E-4	0.6049671851065883	3.607571480916561E-4	2.7818654534169464E-4	0.36510240089831475	1.8091254254953888E-4
55	55	2.2868797550062474E-4	2.3385616341508111E-4	0.0020144370497342783	2.063860965270009E-4	5.780728270657562E-4	0.5642994552984135	3.3871423347712657E-4	2.611888439841045E-4	0.43166934305308224	1.6985845880036882E-4
56	56	0.016954009278418038	0.2588881400740003	1.2300907417679333E-4	1.5587782385941798E-4	0.13468690233506023	0.4303954030557644	0.07996693706569329	1.9726885338554187E-4	0.0785041629503428	1.2828948929925695E-4
57	57	2.4357057864836135E-4	0.3690255749862128	1.7346615445695287E-4	2.198173334037882E-4	0.014420160679576917	0.5990509845737019	3.607571480916561E-4	0.002250253389637165	0.0022421015479482448	0.01201331360832236
58	58	2.2576187807041935E-4	0.013026016039256953	1.6078314971034613E-4	2.037453550304016E-4	5.706762973179816E-4	0.5844973410109658	0.013129532434363536	0.09530754821487988	0.29271091052642034	1.6768509398437282E-4
59	59	2.9542110311627195E-4	0.1773007820189962	2.1039307369299706E-4	2.6661134312110535E-4	7.467594738178136E-4	0.6883050531596173	4.375539740379654E-4	3.374060059018591E-4	0.13188059522267143	2.1942462502711559E-4
60	60	0.20020587070979604	2.42849209592634E-4	0.08669391364269254	0.12327179257368524	0.012136940677368202	0.5590810285227447	3.5173964490170225E-4	0.00796232484376099	0.0021860578687924073	0.007867482306665684
61	61	1.9886305711769786E-4	2.0335722278678317E-4	1.4162634080515E-4	1.7946973386816993E-4	0.00855314613708992	0.5051957558236541	0.0019046327902901587	2.2712524296921132E-4	0.48324831771139126	1.477059400276583E-4
62	62	1.6510258513959596E-4	0.013536348693267905	1.1758279958932979E-4	1.4900161671764395E-4	4.1734296671514415E-4	0.4180932145220525	2.4453666813145365E-4	0.022913342111346404	0.5442408977562202	1.2263028081986685E-4
63	63	3.319435990361187E-4	0.016464914208328588	2.3640367379725637E-4	2.9957212888965964E-4	8.390802983896577E-4	0.7868371305962192	4.916481570971379E-4	0.10788224514755246	3.680095186067611E-4	0.08624905267208333
64	64	1.7794766250672496E-4	0.29409528244645533	0.00588973695291119	0.0030420971008414334	0.0033313155642929926	0.4520618618667353	0.08382715083654307	0.09097058412865568	1.9728180873634704E-4	0.06640674163232198
65	65	2.118231442730402E-4	0.39295711710438874	1.508562588549395E-4	1.9116594042553446E-4	5.354422486788745E-4	0.544979921073932	0.050049432783136505	0.0019569512502253016	2.348378868580321E-4	0.008732452309227107
66	66	2.4309118657916815E-4	2.48584876965989E-4	1.731247408955056E-4	2.1938469212629994E-4	0.014391779129125943	0.6608538755742128	0.018073716170338157	0.0022458244736545635	0.3033700626829862	1.805564731153851E-4
67	67	1.7820441078523995E-4	0.017496195254016918	0.007341065139527766	0.008817807513529691	4.504614958993747E-4	0.44694278923374176	0.01324941469972151	0.2757841170939725	0.22960758347034685	1.3236168845845586E-4
68	68	0.0025882431891610515	2.909622901967721E-4	0.014024904860762227	2.56784214849544E-4	7.192343841074412E-4	0.6813642460284588	4.214260067194507E-4	3.249694303954425E-4	3.1544668605470403E-4	0.2996937829092947
69	69	2.1895799043430508E-4	0.4345577651968293	1.5593755534446072E-4	1.9760498928816296E-4	0.004099060089831473	0.5207895080004256	0.02337058935339113	0.0037956585664917063	2.4274793937528123E-4	0.012572170318588736
70	70	2.2052174653464492E-4	2.255053833997675E-4	1.5705123154763698E-4	1.9901624633726192E-4	5.574303990828414E-4	0.5405779568590358	3.2661907203037613E-4	2.518620400773203E-4	0.4573202440463232	1.6379297563127898E-4
71	71	2.4897145041632545E-4	2.5459803064324606E-4	0.01428787720249572	2.246915067816969E-4	0.0026451399341943073	0.6123341880217918	3.687564849041384E-4	0.0023001499332603683	0.3671507033844755	1.849240510369289E-4
72	72	0.0031502245511936936	1.8736817462816537E-4	1.3049090950534008E-4	0.022417837748790064	0.004913654196633997	0.4684415217763196	2.7138163356653567E-4	2.092674241118006E-4	0.5001421610875983	1.3609249765245276E-4
73	73	1.9326200139913426E-4	0.482138760981604	1.3763737956939653E-4	1.7441489867775817E-4	0.006747499500506439	0.4987904395980057	2.862441303302556E-4	0.0017854721048403198	0.009602723660563087	1.4354574450392118E-4
74	74	0.11562821647786328	0.15195258671651232	1.8791912869844135E-4	2.3813222755396688E-4	6.669914898050228E-4	0.7087816858519627	3.9081496418335627E-4	0.021665133559525346	2.9253364373949925E-4	1.959859401562146E-4
75	75	1.756697937801733E-4	1.796398079584975E-4	0.005814343730973559	1.5853830065452719E-4	0.11422875802527431	0.42778510349857746	2.601879675355898E-4	2.0063578008387302E-4	0.45106664399863783	1.3047909652423912E-4
76	76	2.2290971437025642E-4	2.2794731763427296E-4	1.5875189506664287E-4	2.0117133717290818E-4	5.634666557537578E-4	0.5392125777606661	3.3015593789853797E-4	2.545893831179381E-4	0.45866286335472295	1.6556664359669728E-4
77	77	0.001562422628222275	0.0752713685877757	0.05992077319672884	0.002936333911046582	0.031028729053258527	0.4224386192724604	0.12263261857039115	0.2838911359169881	1.9042300288998445E-4	1.2757586023847838E-4
78	78	0.038898278314142096	0.14297402923294572	0.12660974886748735	1.1373072314327776E-4	0.048273712855857506	0.3517746694390565	0.010389876989465233	0.14707038143868464	0.13380197026546528	9.360187375238845E-5
79	79	1.7897912027634111E-4	0.019021359330245718	1.2746539378734691E-4	0.003059730345619072	0.3062130944790823	0.5068498962189508	0.1640136972471647	2.0441542420380481E-4	1.9842533516180566E-4	1.3293710550820844E-4
80	80	0.001832560625644396	0.3411064625687898	1.4347439759227233E-4	1.818116023219657E-4	5.092414107161706E-4	0.5101568622321836	0.04760035992474378	0.09809624736364986	2.2334654594077617E-4	1.496333284175197E-4
81	81	2.0278101215463287E-4	0.3581229273383923	0.008353489191019674	1.8300560603053953E-4	5.125857304690856E-4	0.5020144924073855	3.003429233448469E-4	0.12993494646176365	2.24813320342105E-4	1.506160090978229E-4
82	82	2.0547989109159125E-4	0.39117162403471617	1.4633871924798507E-4	1.8544128760749354E-4	0.00218307386124552	0.5103596337435748	3.0434028572639865E-4	0.006889346290986986	0.0884021012788872	1.5262060691595032E-4
83	83	2.2371723800761358E-4	0.21758770865040997	0.0037819759234433105	2.0190011030145848E-4	0.04947126839855487	0.5647131736453378	3.313519769523768E-4	0.15240676656284247	0.011115971060729986	1.6616643342030337E-4
84	84	2.3169091917290543E-4	0.08089990868921904	0.011420305470221475	2.090961901436667E-4	0.028723913043596408	0.5773370246397037	3.431619520854395E-4	0.0921829000547846	0.20847991013975398	1.7208890131891968E-4
85	85	1.9982828337464735E-4	0.4710155058785199	1.4231375587762322E-4	1.8034083029989565E-4	5.051218825353756E-4	0.4963224818395173	2.959695789956775E-4	0.0018461354179330038	0.029343879669153923	1.4842286379262748E-4
86	86	0.00523129024710635	2.1153126200921529E-4	0.06546495842448971	1.8668360423763298E-4	5.228875427388822E-4	0.497030545346449	0.0036560016664619267	0.284954169748197	0.1425882891085473	1.5364304976306307E-4
87	87	1.810783290751827E-4	0.004583467414751677	1.2896040882470476E-4	0.30657809941020836	0.16026251140186493	0.4658794666950498	2.6819865494787174E-4	0.04858807823642634	2.007526245620532E-4	0.013329386824289115
88	88	1.4002131002511012E-4	0.5579143302529199	0.001233401599054083	1.2636629251458196E-4	0.008289711344989351	0.3613813904176312	2.0738830098869239E-4	1.5992097537501922E-4	0.0704434683937719	1.0400111273016565E-4
89	89	2.445350576071111E-4	0.3487081914242466	1.7415303731841084E-4	2.2068775541457834E-4	0.022396763887723787	0.6172620835063127	0.010261564351224316	2.7928809492571354E-4	2.711039739696189E-4	1.8162891125725068E-4
90	90	0.019615340149047655	0.27002487597719005	1.5511260851399492E-4	1.965596118020442E-4	0.009367613402867594	0.6026782204743429	0.09731028981514829	2.4875308290848796E-4	2.414637449248335E-4	1.617711332542502E-4
91	91	1.5997040876302384E-4	0.5234239306990777	0.03249389961342565	0.022162750792246878	0.019832353064422645	0.4012112852446275	2.369353013186398E-4	1.8270521676975844E-4	1.7735131296748246E-4	1.188183463807786E-4
92	92	0.0652418738018243	0.16492366116266155	0.06521397237931158	0.002442123004469838	0.039488980165390125	0.2855138327270412	0.3423506995699053	0.03464538107512283	1.0747327927751625E-4	7.20028349957321E-5
93	93	0.00206117590943598	0.26991580485329836	0.0019959587629877922	0.007542835621055967	0.029926140964064294	0.5958148902674179	0.03152356366205924	0.0259429923903548	0.03510833720999967	1.6830035932615422E-4
94	94	2.261752991209546E-4	0.09545504552100913	1.6107758001554092E-4	0.029503736556909636	0.007896625859181296	0.5635929742418546	0.01681602783950447	0.22733035932893933	0.05152508108563955	0.00749289668782553
95	95	0.016458792426687407	2.053409305426529E-4	0.006646203677131435	0.0034328183243921666	5.075855624143429E-4	0.47110466139674106	0.03769078899347554	0.04737751035712976	0.41642715155048465	1.491467810010232E-4
96	96	0.0013666641869051219	0.07922115490275317	1.0699854519584891E-4	1.3558918716257668E-4	3.797757022472894E-4	0.35977921904105975	0.17903675931724006	0.26535188650543684	0.11451036093625676	1.1159167574263875E-4
97	97	2.1476982762569472E-4	0.07846930632056036	1.5295482852794275E-4	1.938252602849374E-4	0.021409472907211763	0.5125668842384852	0.0037958634744491293	0.37932153400511665	0.0037158684115723055	1.5952072616612811E-4
98	98	0.042155220923694954	0.4009626521469053	9.477781113448716E-5	1.2010300092633301E-4	0.0024913815159201278	0.35855454603839176	0.08855135165599802	0.019546828272681567	0.05940953248564164	0.028113606148705828
99	99	2.1439701654685488E-4	0.2814291097501355	1.5268931984235287E-4	0.010608669084310855	5.41948430818854E-4	0.5394509522296816	0.0020534109943499434	0.15473670766386366	0.01065287169047108	1.5924381997927325E-4
100	100	1.587368341499621E-4	0.0014475354242763474	1.1304923748782285E-4	0.006569312904920566	0.009397730493198897	0.4276772964287554	2.351082298314513E-4	0.00789256382175534	0.5463907645192956	1.1790210632866726E-4
101	101	2.0582231066351245E-4	0.005209788818867552	1.4658258370272168E-4	0.2768145174257918	0.07217712277523686	0.5178758700370261	3.048474500518379E-4	0.12521795024461396	2.2818505820191667E-4	0.0018193132958438827
102	102	0.08675596074488884	1.0943895642989537E-4	7.621779412748589E-5	9.658363797521382E-5	0.4196513953330706	0.27620917484026225	0.14399575098536735	0.07290733989545603	1.1864821419899115E-4	7.9489598223281E-5
103	103	2.5253485988407264E-4	0.11066912926407232	1.7985033846660856E-4	2.2790740901164908E-4	6.383524978358194E-4	0.6006517742107355	3.7403432036440214E-4	0.13523506484505002	0.15158378147391507	1.8757078066467241E-4
104	104	0.0014627474782484505	0.41288067902860714	1.145210752291019E-4	1.4512178156138742E-4	0.06680561877505643	0.4176220874877373	0.006747889104490489	0.08741390332728638	0.0066879948160797125	1.1943712570364996E-4
105	105	0.03033550877429801	0.024945254558269063	9.48800435048433E-5	1.2023255038864503E-4	0.07044920788030783	0.3298176709631975	0.0735457258308799	0.08212978654364614	0.37767624988834875	0.010885482967159413
106	106	0.006321843382005024	0.35039979274175853	1.7803029377211918E-4	2.2560103764675176E-4	0.004679801926933243	0.6310044989918869	3.702491777500469E-4	0.006357370143631306	2.771396977725741E-4	1.8567260684359087E-4
107	107	2.2534996562953503E-4	0.13524668587519656	0.05489680458772689	2.0337361270071017E-4	5.696350734028008E-4	0.5633609179047357	3.337702417681172E-4	0.2082553726569365	0.0367407109367219	1.673791451813536E-4
108	108	2.3793978081612443E-4	0.08886126567128189	0.013654796018598493	2.1473565658022953E-4	0.017939753647803904	0.5717169482090161	3.524172632882E-4	0.023389481231582437	0.2834559322650223	1.7673025601039547E-4
109	109	1.7467602081845378E-4	0.2816169049204232	0.03265244337875657	0.0015719041617426926	0.044283686833260734	0.44516477948633204	0.003087241511607744	0.11475478111931701	0.05817842623392457	0.01851515633381707
110	110	1.431037567272022E-4	1.463378012999953E-4	1.0191566857361928E-4	1.2914813594646618E-4	0.10463917170935191	0.3589091420333133	2.1195377308947787E-4	0.21219422993030626	0.323418706585106	1.0629060628576455E-4
111	111	0.002570579898392935	0.10546928771556009	0.0570015446706841	1.3493264626793334E-4	0.02337806912469823	0.35319498704093577	0.13338010808173711	0.3245936814167734	1.657580709575567E-4	1.1105133399297567E-4
112	112	0.0038050134800118396	0.005601865701430879	1.576140562737603E-4	1.9972946114770986E-4	0.01131053241133552	0.5622255848380913	0.05587516204257726	0.03788162985686785	0.312027383843385	0.010915484308879005
113	113	0.040704514559332466	0.06359344009884574	1.5483956245186399E-4	0.0037168308500010855	5.49580402781972E-4	0.5364859017967164	3.2201946908182795E-4	0.3065420154094337	0.047769371485221326	1.6148636613360997E-4
114	114	2.46980006218635E-4	0.3641927275857735	1.758942814203851E-4	2.228942702041596E-4	6.243110513833479E-4	0.6034369772736334	3.658069179518027E-4	2.820805167836906E-4	2.7381456807102007E-4	0.03017851352856016
115	115	2.445350576071111E-4	2.500613784668736E-4	1.7415303731841084E-4	2.2068775541457834E-4	0.004577882237655505	0.6449803438508633	3.621856567419364E-4	2.7928809492571354E-4	0.3487292340197493	1.8162891125725068E-4
116	116	0.01974434471848226	0.2210132761534039	0.03481623289750415	2.4122430371669628E-4	0.00933212059966059	0.7114926539584993	3.958895802788003E-4	3.0527781710524106E-4	2.9633210611435055E-4	0.002362647865234893
117	117	2.352208947511256E-4	0.19449583504352566	1.675196745305918E-4	0.002116745628024246	0.053919570460821874	0.6070822647295411	3.483902679579833E-4	2.6865021410268843E-4	0.13928662857985363	0.0020791745068912074
118	118	3.14209864144598E-4	0.18857709907404127	2.2377405813159648E-4	0.0028275649444913413	7.942533229409724E-4	0.7473451881439446	0.013185368070575904	0.04615081350605034	3.48349000194962E-4	2.3338001548458707E-4
119	119	1.6038587196455216E-4	0.46894513353750755	1.14223649643176E-4	1.4474488210576182E-4	0.02118242283877749	0.4217317212546544	2.3755065199256814E-4	0.08718687846428036	1.7781191655567405E-4	1.1912693251848604E-4
120	120	2.540934534200478E-4	0.3417658587454327	1.8096033799342906E-4	2.2931400695479825E-4	0.015043148668770191	0.6146452001780298	3.7634278373544107E-4	0.02703465249986553	2.817008966154717E-4	1.8872842918264723E-4
121	121	1.7369342825705852E-4	1.776187779601791E-4	1.2370102834831557E-4	1.567546722642138E-4	0.020127359093296812	0.4440669329721335	0.20839072176236378	0.02269929324157611	0.3039549138767867	1.290111470133496E-4
122	122	0.006736857051166966	0.48380152219472905	1.4370880139763287E-4	1.8210864020578435E-4	0.0021438408752946334	0.502821502512079	2.988708518395487E-4	0.0034979998365387796	2.2371144226486758E-4	1.498777944837896E-4
123	123	2.947161791157906E-4	0.26277971420902696	2.0989104074539526E-4	2.659751640107299E-4	7.449775812240614E-4	0.7176828097351763	4.365098973130743E-4	3.3660089892419956E-4	0.014643737547253968	0.0026050677472095724
124	124	2.397875618452457E-4	0.4118299958511642	1.7077196462202254E-4	2.1640324016437796E-4	0.0025475678215286504	0.5839225102637835	3.5515404791162535E-4	2.738658906005995E-4	2.6584065925294736E-4	1.7810269912691708E-4
125	125	1.960225269371144E-4	0.4112579283953154	1.3960337132427487E-4	0.0017640007165495078	0.040172864306878366	0.5217860326902453	0.024096750321673237	2.2388101995073203E-4	2.1732052066579836E-4	1.4559613046030514E-4
126	126	0.0019334791182623787	0.2531936114640705	0.012197863851883978	1.9182390564772392E-4	0.0022582120723187373	0.5365301008386199	3.148152334745919E-4	0.1620098893916408	0.031212330538977248	1.578735851042515E-4
127	127	1.6249598415133223E-4	1.661682794681287E-4	1.1572642985803077E-4	1.466492140519878E-4	0.11092511639636944	0.4470149302746951	0.07786385905451655	0.0015012368947353667	0.23962793637001753	0.12247588110213664
128	128	1.4427388535912804E-4	0.3552536198772819	0.008279533874631755	1.3020415246963048E-4	0.09147743822432863	0.35016274363962535	2.1368687349305077E-4	0.08660507505084186	0.1029538162067984	0.004779608215170371
129	129	2.455072051254153E-4	0.3997881466009658	1.7484538157649363E-4	2.2156509813936302E-4	0.006583828300394001	0.5839365638779291	3.6362552344576396E-4	0.008231385290580274	2.72181746040732E-4	1.8235097580316425E-4
130	130	1.342383378480373E-4	0.4261861605897641	0.007703617759516918	1.2114728153974803E-4	0.09272237476350438	0.34754296077141844	0.0012856824373774875	0.12405528882728514	1.488234333587877E-4	9.970579838697527E-5
131	131	0.1294248524079727	0.20432491651163326	0.005781809582923506	2.0870468451224318E-4	0.043649098794378616	0.6155758254424567	3.425194256164521E-4	2.6412309840206927E-4	2.5638336504467006E-4	1.7176668705989588E-4
132	132	2.1551935300434525E-4	0.3317609594828638	1.534886256959911E-4	1.945016912026932E-4	5.44785450157016E-4	0.5422748976393089	0.009043961759223867	0.11541287286945401	2.3893569142431227E-4	1.6007743766515046E-4
133	133	0.003623229462543185	2.1550142842943133E-4	0.0035625746505088133	1.901874124677227E-4	5.327014612302339E-4	0.5200091239969253	0.0020183747659231863	0.04119057586113208	0.4285012042310428	1.56526729797281E-4
134	134	0.14929315990918565	0.22383254878184888	1.5990628176871483E-4	2.0263418280617104E-4	0.015110844887610045	0.603124571486419	0.005786287052520442	0.0020743507786910734	2.4892605445027904E-4	1.6677058469985378E-4
135	135	1.7872013643985664E-4	0.5500449872173737	1.272809506151429E-4	1.6129117086217005E-4	4.517651367510722E-4	0.4381072058625638	2.6470588971123297E-4	2.0411963388639143E-4	1.9813821253835898E-4	0.010261785789258246
136	136	2.1514393751183723E-4	0.2858933802079376	1.5322126219843607E-4	1.9416288660264864E-4	0.07718791247885409	0.5657170545821165	0.031673048619687026	0.0368258471231893	0.001980430304857823	1.5979859704474795E-4
137	137	1.4546330753034583E-4	0.1026123280375729	0.030724895075574195	0.015441927071772294	0.11578644151402619	0.36718246111018854	0.04379191248519029	0.016654528142507424	0.30755200008819533	1.0804316744253625E-4
138	138	0.0017256043865604646	1.9398710538091825E-4	1.3510060533865667E-4	1.7120028341984593E-4	0.011230850438752259	0.4773100716670382	2.809684070071723E-4	2.1665996338241994E-4	0.5085946570690492	1.4090007407101151E-4
139	139	0.001476200995235817	0.002793786983022886	1.1557437475886839E-4	1.4645652893405825E-4	0.022746829154877836	0.4056961150355983	0.0028681967869313694	1.853458742130273E-4	0.5520256919680624	0.0119458022983655
140	140	1.6576735441388568E-4	0.06593406922047347	0.016223661698008075	0.010886671865613285	0.005787558511297596	0.4184344918234289	0.04990447144810049	0.38672385712655216	0.010920848409668775	0.035018602542443475
141	141	2.1514393751183723E-4	0.34163452638711306	1.5322126219843607E-4	1.9416288660264864E-4	0.0022857473005870772	0.5326207490382311	3.186538939008347E-4	0.1204375663919525	2.3851948675859025E-4	0.0019017094151439807
142	142	1.5935123414594416E-4	0.0014531381929319138	1.1348680102769207E-4	1.4381114319695268E-4	0.0016929905509155741	0.4693284035778524	0.01829861848628609	0.04533849868728639	0.45819259994272404	0.005279101383633072
143	143	0.006258508691415375	0.07038179549601878	1.7624671691165205E-4	2.2334087853608284E-4	6.255619696640385E-4	0.602642392693599	0.006377573694010133	0.29281962479989565	0.020311142593636825	1.83812466312605E-4
144	144	0.0024546919334319877	1.4599948015367822E-4	1.016800478009058E-4	0.0012848090664154144	0.09052574029192353	0.4158773486860835	0.04298196564166579	1.6306363230604608E-4	0.44635865634920785	1.0604487101133867E-4
145	145	1.9116809755319528E-4	0.44595919866596995	0.018709634071924653	1.72525194418843E-4	4.832308404298063E-4	0.46552604541538234	2.831428083888661E-4	0.06832112575885836	2.1193865390929496E-4	1.4199049316476018E-4
146	146	2.4025400001489026E-4	0.38150766624869686	1.7110415267211127E-4	2.1682419081949398E-4	6.073091892935333E-4	0.6161817917781728	3.5584489860786235E-4	2.743986184191603E-4	2.6635777627755385E-4	1.7844914702584157E-4
147	147	0.14949864767070825	0.2727497928516378	1.5268931984235287E-4	1.9348880611354805E-4	5.41948430818854E-4	0.5706964930642736	3.175476146503925E-4	2.448668706036141E-4	0.005445281551372426	1.5924381997927325E-4
148	148	0.00218972768672962	2.461624105904236E-4	1.7143763559482705E-4	2.1724678234483544E-4	0.03763959601511802	0.6544138366133565	0.0042545493029756834	2.749334228165436E-4	0.30041371318509114	1.7879694538243878E-4
149	149	0.00563257826559668	1.7252372945122867E-4	1.2015262683762045E-4	1.522581169542237E-4	0.060529004339068326	0.4354266388003612	2.4988113173637916E-4	0.017950256666845063	0.47964139590001087	1.253104231384465E-4
150	150	2.7140218798040204E-4	0.1540958997723557	1.9328727681897347E-4	2.449347764942258E-4	0.002883450148417491	0.674093803140774	4.0197908903848666E-4	0.16511536364183868	0.0024982954393104146	2.015845269716559E-4
151	151	0.004414027981261918	0.28503715306414373	1.8284110116487782E-4	2.3169732113159644E-4	0.03806461084871697	0.6355838795485802	0.029481309927946075	2.9322108649241423E-4	0.006520569192617255	1.9068992794501682E-4
152	152	1.7200023214022537E-4	0.001568485539855973	1.2249516752243757E-4	1.5522659831785577E-4	0.017145957375624063	0.45784186211945466	0.005825145800247932	0.012729828712141466	0.5029186467094829	0.0015203517452125285
153	153	0.009333449797907954	0.3477099370866042	0.001658270251310323	1.6989556670432134E-4	4.758654395978509E-4	0.4934870836208085	0.07191619176512659	0.07490077191026148	2.0870828654193365E-4	1.3982627513688085E-4
154	154	1.9087266662239975E-4	0.2953663393092241	1.3593574254192634E-4	1.722585742064477E-4	0.08084321682478447	0.48180600784466876	2.8270523985886016E-4	0.08676032686452155	0.05120976845815166	0.0032325684754198466
155	155	1.7369342825705852E-4	1.776187779601791E-4	1.2370102834831557E-4	1.567546722642138E-4	0.006064287402184604	0.46797415484702426	0.0016635679030143164	0.09160834452802595	0.4319288662659078	1.290111470133496E-4
156	156	2.1514393751183723E-4	2.200060396633961E-4	1.5322126219843607E-4	1.9416288660264864E-4	5.438364824878445E-4	0.5186854624934373	3.186538939008347E-4	2.4571994310541113E-4	0.4792639944640476	1.5979859704474795E-4
157	157	0.06457790771412279	1.4532750928768415E-4	1.0121205962928235E-4	1.2825651854486188E-4	0.0026605157001441467	0.3679376840056525	0.027825829874429463	0.28206890278189445	0.2544488070428008	1.0555679349398921E-4
158	158	1.9886305711769786E-4	0.3512035934614245	1.4162634080515E-4	1.7946973386816993E-4	0.0616862094209204	0.5019755701700885	2.9453996350741694E-4	0.0807317665821063	2.204696765687286E-4	0.003367891593593142
159	159	2.086033070805299E-4	0.4663648056330194	1.4856315441325496E-4	0.0018772147717629492	0.0022162578763188436	0.5282511303108177	3.0896643823926067E-4	2.3824976590199387E-4	2.3126821195347424E-4	1.5494053049265843E-4
160	160	0.05358917672249046	0.006121362547721902	0.001613989502778774	0.07434028851336026	0.14139552477778994	0.4461890428772181	0.08779779863669915	0.004659763203932103	0.160420983227982	0.023872069990027396
161	161	2.0651058498302293E-4	0.45499815937780425	1.47072759076445E-4	1.8637146720482976E-4	0.007210057119011507	0.5262957021508284	3.0586686660858797E-4	0.010267925403543949	2.2894811403949858E-4	1.533861568995482E-4
162	162	1.7692802521057267E-4	1.8092647453708487E-4	1.2600464440021283E-4	1.5967382810357314E-4	0.08496450215378662	0.47812147558073337	0.09194179889914834	2.0207282989836831E-4	0.23655799999913663	0.10756861756504531
163	163	2.1779965048332315E-4	0.2841321781579641	1.5511260851399492E-4	1.965596118020442E-4	0.002313962312480564	0.5427221862060532	0.005612825640116904	0.1448486004358426	0.019639004243489164	1.617711332542502E-4
164	164	1.3497181478266775E-4	0.4230508475135876	9.612426016455165E-5	1.2180922907371688E-4	0.04514589695606466	0.37676188199429167	1.9990939482081828E-4	0.15205307564717696	0.002335232600165759	1.0025058987156999E-4
165	165	2.9827484665732184E-4	0.2780276493395044	2.1242545346817078E-4	0.0026841662101468864	7.53973108871795E-4	0.7166888381317701	4.417807094136711E-4	3.4066532014819065E-4	3.3068263117470945E-4	2.2154424884482225E-4
166	166	0.10826851703572092	0.2474468144047006	1.6107758001554092E-4	2.041184588486294E-4	0.004234173596923672	0.638673245618136	3.3499265934515513E-4	2.5831906896652636E-4	2.507494140327916E-4	1.679921633102778E-4
167	167	2.1402549752338207E-4	2.1886232371533387E-4	1.5242473133307124E-4	1.9315351799500038E-4	0.009205286210084868	0.5905018231302506	3.169973505580969E-4	2.4444255172962633E-4	0.3987940168133409	1.5896787346916943E-4
168	168	1.985433838395726E-4	2.0303032511669343E-4	1.413986758115093E-4	1.791812354462838E-4	0.04390449800900245	0.4995611375392145	2.9406648916261905E-4	0.019516815280078016	0.4358538605602781	1.4746850205033066E-4
169	169	0.003998952086425636	0.4341749181078316	0.023157564631153916	1.4270643634818056E-4	0.03368686002916154	0.40170943823194527	2.342052202804397E-4	0.10132232322738566	0.0014555827644887592	1.1744926497906628E-4
170	170	0.04224409216227289	1.771206060041372E-4	0.0029280798073212265	1.5631501840217635E-4	0.0032425530128657306	0.4259930926623929	0.004463627777748574	0.02123326508663494	0.49943320456022716	1.2864930613032508E-4
171	171	1.666620856797449E-4	0.12161444598047512	1.1869344506660528E-4	1.504090332130172E-4	0.008517552870456828	0.39910294942040847	0.009692492276434494	0.398256849543775	0.05685864485487356	0.005521300489617252
172	172	1.7128464008397127E-4	0.004335568869460859	1.2198553699625835E-4	1.54580791511124E-4	0.18903837352560396	0.4365217885952744	2.536930306258684E-4	1.9562741345639155E-4	0.3607590489490919	0.00844804864789532
173	173	0.003580465396943744	0.47063678543829157	1.4831266105222492E-4	1.8794267829699512E-4	5.264141199319607E-4	0.5223021217044771	3.0844548779319827E-4	0.0019239549599959446	2.3087826902354366E-4	1.5467928419376172E-4
174	174	1.6779417449391134E-4	1.7158620519791855E-4	1.1949969635601365E-4	1.5143071959930932E-4	4.241467117041103E-4	0.4221921026104954	2.485232337695741E-4	0.0015501848047969654	0.5748501023793011	1.2462946428566408E-4
175	175	1.705749776753723E-4	1.74429852581675E-4	1.2148012944800088E-4	0.0015349990000960573	0.010098586617660285	0.42228367402468725	0.004395817927779487	0.027815990174836592	0.5291345763917049	0.004269870903530427
176	176	2.3082491795722285E-4	0.013318143476079253	0.003902132397215118	2.0831464222842934E-4	0.03609203732677666	0.5938678042096965	3.4187930074656585E-4	0.15911772613314457	0.18153646156745243	0.011384676028703326
177	177	0.0021115352085597514	0.003996189949002425	1.6531580882157972E-4	2.0948916737338527E-4	5.86764308550896E-4	0.6178896627476499	3.43806893694288E-4	0.002144524736401446	0.3723802988532238	1.7241232672260184E-4
178	178	1.9386871117840247E-4	0.33924397905262904	0.03780981713789976	1.7496244151552135E-4	4.900573967877358E-4	0.4721024878094265	0.03324992195271067	0.11637597642720757	2.149326912187694E-4	1.4399637942611162E-4
179	179	1.8542802232905445E-4	1.89618565631144E-4	1.3205817443335722E-4	1.6734489704339772E-4	0.0034713535886851162	0.456051958164208	2.7464107070287834E-4	0.031739420973781254	0.5076504495025652	1.3772704062058353E-4
180	180	0.006506198908585097	0.22105860386832382	0.010598105006307423	0.004398133161794346	6.503195577347781E-4	0.6244099262418652	3.8104626303125504E-4	0.1315213583068655	2.852215548879431E-4	1.9108713060474248E-4
181	181	2.2131203063731973E-4	2.26313527369099E-4	1.576140562737603E-4	1.9972946114770986E-4	5.594280632119599E-4	0.6052300022305854	3.2778957727220474E-4	0.012795719711246207	0.38011771138150086	1.6437996075544618E-4
182	182	2.031144884694008E-4	2.0770473350637995E-4	1.4465412622820934E-4	1.833065614031974E-4	0.0416262911795844	0.504484577019026	0.0019453513414151604	2.3198088278848132E-4	0.45082215596827013	1.5086369930868295E-4
183	183	0.004957306031532094	0.001787547000147258	1.3960337132427487E-4	1.7690621501784823E-4	4.95501768586873E-4	0.509089276677992	0.01139999430941996	0.2525719067634846	0.2192363617320348	1.4559613046030514E-4
184	184	0.044892854321025924	2.452065926292327E-4	1.7077196462202254E-4	2.1640324016437796E-4	0.0025475678215286504	0.6829358322080538	3.5515404791162535E-4	0.009981054316509442	0.25847705278842814	1.7810269912691708E-4
185	185	0.0012224263530231545	1.3742138789817288E-4	9.570591125149981E-5	0.0012093210530963242	0.12546451934464797	0.33704068251271424	0.05133701139244654	0.03714690952817888	0.44407010431780186	0.00227589819894137
