0	0	2.3785757576539276E-4	0.002294516928172265	0.0021272628814441516	3.454157586315872E-4	2.856204315444253E-4	0.592680270779908	2.1960225163989995E-4	0.39905925996149705	0.00262745382679209	1.227396046049782E-4
1	1	1.8878412270058073E-4	2.4620554200579283E-4	0.023737249511143154	2.741514990657168E-4	2.266928115321388E-4	0.47985128775286495	0.46950027813373424	1.6877072876023938E-4	0.025709163246646956	9.741665154622453E-5
2	2	1.762901945206003E-4	2.2991140500247973E-4	0.3368938711100938	0.0031973870967093383	0.016389275795363346	0.4466235444184932	1.6276010353752395E-4	0.19134725105890854	0.004888739300417297	9.096951695385679E-5
3	3	3.3675520763225514E-4	4.391841709584491E-4	0.03953340974546711	4.890344784820481E-4	0.11277872388615472	0.8391078863213923	3.109095920511983E-4	3.010550940030223E-4	0.006529268602573383	1.7377290128534192E-4
4	4	0.04354408692281161	2.944308468708794E-4	1.3568199399292827E-4	0.007861472411060689	2.7109607661625205E-4	0.5889090013153421	0.327920979701598	0.015269071986540943	0.015677680688378836	1.1649805678787439E-4
5	5	2.2323935376288392E-4	0.009602940609173178	1.3416586171881477E-4	0.0021865471948131774	2.6806680575246395E-4	0.5655671984616379	0.4155123761340175	1.995732897637949E-4	0.006190696000467799	1.1519628889244672E-4
6	6	2.3691734014450198E-4	0.024026591308048764	1.4238627088294985E-4	0.0042969857082789074	2.84491392442231E-4	0.6219609268293464	2.1873417813517664E-4	0.34411717720026813	0.0045935353495704335	1.2225442288237677E-4
7	7	0.004406886493509088	0.014346047225542885	0.07072790406961778	0.16268601568044044	0.0016158404665006533	0.46003480062754887	0.1456461811663413	0.00580145966050298	0.1346474929957582	8.737161423784612E-5
8	8	1.952414016182479E-4	2.546268956295207E-4	1.173392166290019E-4	2.8352873201221637E-4	2.3444674068546516E-4	0.5272113805893266	0.4480971878919581	0.02297758722164008	5.279125647018477E-4	1.007487457989645E-4
9	9	0.005080280150535269	1.9277190446774088E-4	8.883470146546076E-5	0.0014477696845003741	0.04456970218399027	0.39420660075312175	1.3646811096629496E-4	0.4921457834300928	0.06205551462622165	7.62744546383694E-5
10	10	1.6221471244835028E-4	0.06516831350542644	0.19632103266351064	0.05436619988446847	0.027260104330816933	0.42990964378425833	1.497649002271534E-4	0.09622689045289366	0.07351496551095885	0.0569208702549912
11	11	1.6331978787285825E-4	0.0015754806916446333	0.173133727868849	0.10106104971495054	0.12145726498873834	0.41376358300477545	1.5078516225022737E-4	0.11186976197443856	0.07674075029721565	8.427650926475183E-5
12	12	2.523808398942911E-4	0.002434617050225737	0.01488997627822486	3.6650638095357023E-4	0.04030700770845167	0.6709779507399498	2.3301087019495005E-4	0.2676204335833499	0.0027878826287345776	1.3023392002048915E-4
13	13	0.16466144310503014	0.02741601279794853	0.14098059009849367	0.02288649648528925	0.1237724918416043	0.2988155289509868	1.0061268845930795E-4	0.06373649917169318	0.15757409063927194	5.623422122278261E-5
14	14	1.2766246314791736E-4	0.038507064920275544	0.08314796406778488	0.014030597467597149	0.35799863700843915	0.34792266634280633	0.11087951715851982	1.1412870231133553E-4	0.047205885303281146	6.587656583672615E-5
15	15	2.1180034766478007E-4	2.7622248443280833E-4	0.3976867172456283	0.002074506345950004	2.5433079651388375E-4	0.5383539045528885	0.0390680221150599	0.005490139305289826	0.016475063289878602	1.0929351669342276E-4
16	16	2.4365953281892607E-4	3.1777210119364246E-4	0.0021791522855970306	3.538413359576203E-4	2.9258744729786473E-4	0.670151398084585	2.2495891446122892E-4	0.32138663860002503	0.004724258159326327	1.257335387371756E-4
17	17	2.3738652694217356E-4	3.0959106991941326E-4	0.23184734336626078	3.4473170353642695E-4	0.15871560188202422	0.5835850101811593	2.1916735532903663E-4	2.1222069195636647E-4	0.024406450689551086	1.2249653332114155E-4
18	18	1.5155015500437817E-4	1.9764632491416642E-4	0.027905624308638837	0.337787492812886	0.021675038313373748	0.41176027310022906	0.041861733842822706	1.3548401072044954E-4	0.15844695400484132	7.820312656935322E-5
19	19	0.042769279854037605	2.7720207820298726E-4	1.2774249406706745E-4	3.0866634708691073E-4	0.0038016267853063506	0.5296239375321482	1.9623836820382358E-4	0.40802533208616554	0.014760293340212793	1.0968111456871401E-4
20	20	0.0056536908804274005	4.169293911728564E-4	1.9213275969483945E-4	4.6425363403032523E-4	0.1630708882674146	0.7859197717032685	0.0429671554273221	2.8579972902539414E-4	8.644109007003285E-4	1.6496730694352146E-4
21	21	1.9273006893456802E-4	0.006682704539984545	1.1582991682191496E-4	2.7988178538325897E-4	0.005054945747641602	0.4738027077197761	0.4696666952018668	1.7229835710118308E-4	0.03428572456540103	0.009746482097088985
22	22	0.01347500183311779	4.114428013452703E-4	1.8960438518537555E-4	4.581442799770519E-4	0.1267102071798533	0.7650498319220567	2.9127077426195023E-4	2.8203874234708276E-4	0.011380650069352398	0.08175180801250301
23	23	2.3552084214856244E-4	0.07693503975339867	1.415469817797712E-4	0.15163296856739628	2.828144714571934E-4	0.563279918192216	0.006111897309405119	0.02182354510702046	0.17943521497517784	1.2153379999995773E-4
24	24	0.03909064247737469	0.01634039935849643	1.6449426794032016E-4	3.974702793513397E-4	0.002612013116248415	0.7139647067678059	2.5269654358355686E-4	0.10527875877238653	0.12175758182377748	1.412365930352559E-4
25	25	2.063317391437238E-4	0.001990399787608449	1.2400446030480297E-4	2.996340729395159E-4	2.4776406715617676E-4	0.5192898732681819	0.47527185396210714	1.8445808621779164E-4	0.0022792089587954233	1.0647159754515099E-4
26	26	2.0147649219743715E-4	2.6275847912046534E-4	1.2108647841932371E-4	2.925833039997472E-4	0.0019227385476213246	0.5322823955979752	0.020355669569084276	0.43046611628027187	0.013991209065201194	1.0396618610921448E-4
27	27	0.06959316116703938	4.3310049776975473E-4	1.9958485926748235E-4	0.13069307330571941	0.008710104119291968	0.7886981845544444	3.0660280579990434E-4	2.9688481436906136E-4	8.97938114455692E-4	1.7136576184276103E-4
28	28	0.001789062187554659	0.02421320119653614	1.1508973413399342E-4	0.005070784408080761	2.2995221741920537E-4	0.5234945901930884	1.768011638445791E-4	1.711973266888096E-4	0.42227461227704555	0.022464709295607944
29	29	3.042724145112015E-4	3.968212668549333E-4	1.8286637191003652E-4	0.07405468170878565	3.653716643672197E-4	0.7404004586668279	0.16527516841537565	2.7201586872927815E-4	0.018591332538466586	1.5701108417140696E-4
30	30	0.06236143940321756	0.006759412889722622	1.5427839507205617E-4	3.7278549310553664E-4	0.0367144759422807	0.6674825755013393	2.3700289178752015E-4	0.032352629550695094	0.19343293480088306	1.3246513189644956E-4
31	31	1.5507935062886402E-4	0.010552165072586394	0.3713964419530017	0.013162600692833346	1.862199717949448E-4	0.4161741046783816	1.4317717008325385E-4	1.386390690429474E-4	0.02758784828353696	0.16050372375810998
32	32	1.4619014800401574E-4	1.9065599431961685E-4	0.006185769183933286	2.122967103939437E-4	0.32214517018801075	0.38134262222459414	0.25624717143994846	1.3069222910941914E-4	0.02478692125904283	0.008612510622643538
33	33	0.004030528509479279	0.0744483244716617	0.002038281979759909	3.309674241417193E-4	2.7367326518339146E-4	0.6306323867718434	2.104165480142424E-4	0.26448585365337146	0.021530651707059634	0.002018915669485297
34	34	0.002253470217482336	3.1457489722618265E-4	0.08667224035555252	0.0023625434472226304	2.896436339680733E-4	0.6070654542549421	2.2269553283921356E-4	0.28193234770481557	0.01876256146146243	1.244684944888503E-4
35	35	2.0994555137736326E-4	0.017788376167322185	0.0929534113494844	3.048820356761154E-4	2.5210354890852887E-4	0.5581597869678002	1.9383244639524858E-4	0.12804406907936772	0.007573500122353334	0.19452009273131488
36	36	0.006177149350483264	0.07220346843572352	0.33146563405018764	0.0017603536224904022	0.01670872940768777	0.5108051254189252	1.6593256238601494E-4	0.043641989772220814	0.016978874719261204	9.27426606342224E-5
37	37	2.1599854696363559E-4	0.0020836516174599948	0.3929557841497105	3.136721700903673E-4	2.5937201284508574E-4	0.5706483310758582	0.025426776751125032	1.931000958169743E-4	0.007791853702662541	1.1145987746766467E-4
38	38	2.1677980142019638E-4	2.8271651101304933E-4	1.302836994039436E-4	0.002123278260297024	2.603101466602937E-4	0.5564360896237969	2.0014217478143438E-4	0.43603544347850787	5.861501709922016E-4	0.003728806133127175
39	39	0.0017020499252175549	2.3759896010400286E-4	1.0949226624917813E-4	0.004824163342452018	2.1876833414993395E-4	0.47523609633801345	1.6820231839528987E-4	0.5077978176836611	0.009611799564116471	9.401126764097113E-5
40	40	0.0013129315489375268	1.8327968298310682E-4	8.446041951727048E-5	2.040831389446378E-4	0.39761146185694	0.3548648406842168	0.1865409298566959	1.2563586266988577E-4	0.04610348725197324	0.012968889697121557
41	41	2.2323935376288392E-4	2.91140829556874E-4	0.23479152030804967	3.2418723888991656E-4	0.003992786717598985	0.5655671984616379	0.16409378208437728	0.028134972628612708	0.0024659760886212778	1.1519628889244672E-4
42	42	1.5919858050604047E-4	2.0762112957035218E-4	9.567764096240725E-5	0.0042154992679822745	0.5115111764986565	0.39801026760160024	0.07186459206478123	0.002798529455740333	0.011055287882223753	8.214987797680302E-5
43	43	1.8878412270058073E-4	2.4620554200579283E-4	1.134584206324871E-4	2.741514990657168E-4	2.266928115321388E-4	0.4656770130985586	1.7429513558904502E-4	0.5309166105622332	0.0020853721561362912	9.741665154622453E-5
44	44	0.005388811164384247	2.700200957823317E-4	0.3023941540826029	3.006691621704151E-4	2.486199708763419E-4	0.5556288768992055	1.9115406104482045E-4	0.015730395248596235	0.08001358226080335	0.0398337170545339
45	45	3.5260469660772546E-4	4.598545110691458E-4	0.0031534958703872597	5.120510388786145E-4	0.08572928760933879	0.8638928508875859	3.255426490608605E-4	3.1522434598566944E-4	0.0038949886564076676	0.04136409973467818
46	46	0.18383173177498133	3.6787346409516644E-4	0.023701533565706652	4.096295348453818E-4	3.3871808564666045E-4	0.7052144268314054	2.6042693751617544E-4	2.5217252268608235E-4	0.03135431358261295	0.05426917370050404
47	47	0.06368850623415918	0.0014693746557164322	0.21992674667530238	0.08663041177701006	0.14123323949365757	0.3871680092548646	1.406300293260271E-4	0.09544045131017838	0.004224029944945835	7.860062483952642E-5
48	48	1.6421474828641936E-4	0.0015841140169122942	9.869233555561737E-5	2.384719581679245E-4	0.03170606232941996	0.4612393086362444	0.3960674445500153	1.4680600436634607E-4	0.1086701470930213	8.473832801046184E-5
49	49	2.600461133451302E-4	0.019863904728731036	0.01534221243013285	0.0047164738210211275	0.039361788189282355	0.6913567935794442	0.07400029920606795	0.1455834828361403	0.009380809730504267	1.3418936533063982E-4
50	50	2.4072359945353486E-4	3.139431612638503E-4	0.07244063526890801	0.05858799117876807	0.022379494631708154	0.6480189767503288	2.2224831095982712E-4	0.08857693465938175	0.10909483390500234	1.2421853422552568E-4
51	51	1.805384509140641E-4	2.354518299755652E-4	1.0850280845192337E-4	2.621771696107829E-4	0.05594361688632937	0.4844966648654385	0.4580303297773035	1.6139919763452423E-4	4.8815730608048645E-4	9.316170826126597E-5
52	52	2.1717255180283486E-4	0.038329937785280314	1.3051974064236724E-4	3.1537705491845936E-4	0.058236719383144196	0.5520089674725888	0.20311628645226742	0.07266407166708741	0.07486888220315338	1.1206568911484036E-4
53	53	2.1105451024270084E-4	2.7524978977965436E-4	1.2684282479347639E-4	3.064924610179579E-4	2.5343519163070625E-4	0.527654592353823	0.4703040744579233	1.8868018661871534E-4	5.706695755645665E-4	1.0890864860590852E-4
54	54	2.3645000435345664E-4	3.083696904503282E-4	1.4210540414480186E-4	3.433716894211888E-4	2.839302135523638E-4	0.579310117869866	0.41248521516510844	0.0061290903294051995	6.393363660954675E-4	1.2201326760268437E-4
55	55	2.219990274658649E-4	2.8952324009091056E-4	1.3342043111418751E-4	3.2238604232320264E-4	2.665774164358929E-4	0.558720860478509	0.4391319502384713	1.9846445301389303E-4	6.002624186235465E-4	1.1455625395226291E-4
56	56	1.6766003880246667E-4	0.04357814218462325	1.0076293987858152E-4	0.07437420918993672	0.04635819902837011	0.43594896481668344	0.035122119659781036	0.2938754358462338	0.070387990123967	8.651617172356696E-5
57	57	0.008126725840817061	3.083696904503282E-4	0.3098354319853413	3.433716894211888E-4	2.839302135523638E-4	0.6227066349704158	2.1830270988508946E-4	0.045580469511723225	0.012474750120790875	1.2201326760268437E-4
58	58	2.1915784580239605E-4	2.8581787196257105E-4	1.3171289353287074E-4	0.0021465703285878275	0.11361840047989653	0.5680250471356325	0.27262056319513744	0.034933818996244974	0.007905821109854208	1.1309014334862571E-4
59	59	2.8680026872582076E-4	3.7403471541428795E-4	0.2968563531931564	4.164901289307012E-4	0.002737003836690307	0.6978846598745805	2.647886432897977E-4	2.5639598112951035E-4	7.754782754339555E-4	1.4799508264865799E-4
60	60	0.002153788510778159	0.17531643609184847	1.3855244876932754E-4	0.1465018086204229	2.768313183022401E-4	0.5648260592956046	2.1284465013546517E-4	2.060983893479265E-4	0.08716961454063853	0.02319796613415244
61	61	1.9304044674068002E-4	2.5175648851683496E-4	0.07097482714262611	2.803325147115791E-4	2.3180382431032818E-4	0.5019430004039307	0.4172789513534313	1.7257583111636606E-4	0.008574098988683962	9.9613005932127E-5
62	62	1.6026280883118597E-4	2.090090583212564E-4	9.631723746679588E-5	2.3273296852001037E-4	0.04297587401344165	0.41805169910002765	0.5242449768983893	0.013513094806300386	4.333340661107295E-4	8.269904259103678E-5
63	63	0.043338442248969794	4.202921486985059E-4	1.9368241269908103E-4	0.0031565088968711534	0.06491124183148518	0.8030126763499531	2.975354512641051E-4	2.881048560084191E-4	8.71382834853031E-4	0.08351013296919746
64	64	0.005936811745213784	0.09533256138415346	0.3488305358422716	2.50843097042961E-4	0.04343800493371258	0.464992609851356	1.594765367312421E-4	1.5442181580873965E-4	0.017759288211640765	0.02314544658206888
65	65	2.0562385465025572E-4	0.010560590044634204	1.2357902486314512E-4	2.9860608609256345E-4	0.0036777216105951128	0.5586779805290539	1.8984243544384764E-4	0.3895804849264771	0.03657946517420792	1.061063139818477E-4
66	66	2.3598450863688728E-4	3.077626074840287E-4	1.4182564328325467E-4	3.4269569852385807E-4	2.8337124423208555E-4	0.6451049484830569	0.30930151073200396	2.109673045012485E-4	0.043949160716436855	1.2177306184084062E-4
67	67	1.7298293975414656E-4	2.2559820090100222E-4	0.2093533246962229	2.512050884788098E-4	0.06947647323541334	0.44546025350134644	0.1877625835953896	0.03190282383256049	0.010569421357559436	0.044825333552373815
68	68	0.2837169770256197	3.602439276803414E-4	1.6601050790357013E-4	4.0113399559691293E-4	3.316932191612308E-4	0.6767622067578591	2.550257955553978E-4	2.4694257371603637E-4	0.03761722774351386	1.4253845339376407E-4
69	69	2.1255147515362367E-4	0.019782369251858143	1.2774249406706745E-4	3.0866634708691073E-4	2.5523275373268595E-4	0.5207579524532141	1.9623836820382358E-4	0.4488088634492627	0.009440702292852293	1.0968111456871401E-4
70	70	2.1406982706772968E-4	0.0020650460278056897	1.2865501683473687E-4	3.108712912708115E-4	2.570559974429095E-4	0.5476941924891853	0.4466635824406898	0.0019772396125024893	5.788226805171835E-4	1.1046461668332565E-4
71	71	2.4169435086874758E-4	3.152091807516989E-4	1.4525723314589913E-4	0.004383626672582569	2.9022764809925975E-4	0.6042568530528782	0.3571117107035768	2.16071834589859E-4	0.032914629860755155	1.2471946275172263E-4
72	72	0.010564338667729682	0.0017157409528663703	1.0689286253325137E-4	2.582870300816215E-4	2.1357465938004385E-4	0.45208348091074835	0.5180043771482006	1.590043842355349E-4	0.01680252399328879	9.177939093573617E-5
73	73	1.876022887598436E-4	2.4466423619163007E-4	1.1274814367461722E-4	0.012792915503791373	2.2527366009632272E-4	0.4893677837240379	1.7320400618685893E-4	0.4962917444440347	5.07257193311858E-4	9.680679991493618E-5
74	74	2.5615614511450326E-4	0.07512788573904812	1.5394870736080347E-4	3.7198886311756734E-4	0.019540288977687576	0.6938367480461601	2.3649642462523728E-4	0.19896685444793663	0.0049665520762451915	0.006543080572704093
75	75	1.705221364179733E-4	2.2238890866558932E-4	1.0248304785432703E-4	0.07564383937908692	2.0476373743764185E-4	0.4305878499954913	0.47671837120353905	1.5244473328225383E-4	0.016109343782818385	8.799307540652817E-5
76	76	2.1638846902895188E-4	2.82206149219311E-4	0.0019352554008699797	3.1423841325317186E-4	2.59840232989876E-4	0.5500159866891925	0.43344943459624913	1.934486814404989E-4	0.013221540282150097	1.1166108560648336E-4
77	77	1.6672723785760365E-4	0.005781084786247645	0.2045641578955456	0.05309674855398146	0.0627912136120025	0.4335234995167966	1.539310939557556E-4	0.10585830807805467	0.12980556061206636	0.004258768613491813
78	78	1.223212270720339E-4	0.04812100469827997	0.3347834014577854	0.008341290144150753	0.1042334950551966	0.33336602180325525	0.007256132005497441	1.0935370168039229E-4	0.1636038595334833	6.312037359880305E-5
79	79	1.7373509058836252E-4	0.0031253267756680254	0.0015537878422568748	0.12634781997651642	2.0862186705039877E-4	0.5285621028922531	1.6040110120224912E-4	0.033490915009000144	0.30628763841687634	8.965102858804237E-5
80	80	1.9555992744567025E-4	0.023095288006405548	0.003380422892198116	0.0019154374153420091	0.09159581203077016	0.5003369134862353	1.805509042939343E-4	0.3737759900353128	0.005423112190046881	1.0091311194954217E-4
81	81	1.968444921788696E-4	2.5671758935268E-4	0.021466415429250457	2.8585673329773544E-4	0.13160937335311032	0.4806331763109081	1.8173688000599667E-4	0.36145173104083084	0.003816572196194572	1.0157597487049408E-4
82	82	1.994649227405866E-4	2.6013506174128406E-4	0.22476302217840807	2.8966211140059496E-4	0.0019035416572361471	0.5219759438865044	0.005176226076203899	0.24478974340342582	5.393325291626942E-4	1.0292817317658116E-4
83	83	2.1717255180283486E-4	2.8322872210075745E-4	0.24109301047411288	3.1537705491845936E-4	0.01837826226933704	0.5665029518776096	2.0050478197644302E-4	0.014688134047004274	0.033198677038718635	0.1251226811824191
84	84	2.2491484335390415E-4	0.0246857150049938	0.3397522820640274	3.266203777390757E-4	0.004022753981308263	0.5923280299476992	0.03022905478243132	0.007706421637702912	6.081464833295711E-4	1.1606087741463205E-4
85	85	1.939776073696844E-4	2.5297870009538206E-4	1.165796818895585E-4	0.0018999391733648427	0.0018511748889272692	0.48496085312140613	0.003415581461612454	0.5050660776507503	0.0021427411136913017	1.0009660089304094E-4
86	86	2.0080147607494795E-4	2.6187814708871025E-4	0.19276562224772611	2.9160304846116334E-4	0.24481644027532226	0.4819190362592809	0.06049163271064439	1.79514097735066E-4	0.018969853874337028	1.0361786332945981E-4
87	87	0.07056184250338227	2.292371316653554E-4	1.0563890112782585E-4	0.39617689701191605	0.011942080766656343	0.4629102252596293	0.03095618809781574	1.5713910196691957E-4	0.006340778280371928	0.020619972945468246
88	88	0.002403607410005832	1.7725315997406277E-4	0.25973267063247546	0.0024650667788573243	0.0024308993825224745	0.357936341357455	0.023936271236805803	0.3504802606879263	3.674952327878346E-4	7.013412118990477E-5
89	89	2.3738652694217356E-4	3.0959106991941326E-4	1.426682500678724E-4	0.0023251135421363664	0.002265436632629001	0.5994280648899588	2.1916735532903663E-4	0.3665828608329451	0.028367214366750965	1.2249653332114155E-4
90	90	2.1142677119440558E-4	0.012622434996507502	1.2706655197476354E-4	3.07033056786784E-4	2.538822042319694E-4	0.6167759893063358	1.9519998411587588E-4	0.22419342213883497	0.14520444424678622	1.0910074323175797E-4
91	91	1.5528024281442977E-4	2.025109728404093E-4	9.332273738452533E-5	0.04297420689885165	1.8646120402204773E-4	0.4076453149450485	1.4336264400034533E-4	0.5480995507005206	4.1986172273017367E-4	8.01279317872419E-5
92	92	0.04091192054611222	0.15240460973151373	0.027530087303922764	0.013480930342979747	0.03465114878223704	0.29018577498796927	0.050324197911721026	0.2363565466934681	0.12820260827568872	0.02595217542438727
93	93	2.199621639551377E-4	0.002121887045760009	1.3219628517614385E-4	0.03701983233089078	0.011274252805626791	0.5847898837041695	0.009378181347538274	0.29196485701562025	0.03729515916335825	0.025803788137904807
94	94	0.01487283190205882	0.018602932185110724	0.20344611194060264	3.188430343945828E-4	0.03140185208958666	0.5617388390535464	0.04599418530102238	0.047819419397555026	0.020741915433442382	0.055063069662680375
95	95	0.005073344515419319	0.014889474647677784	0.009873989613998034	2.830676745428873E-4	0.08316721576019957	0.5035880981515688	0.3823229109914259	1.7425962609680115E-4	5.270541048576511E-4	1.0058491421319721E-4
96	96	1.4583443392887828E-4	0.03668862374994983	0.22151146461750795	2.1178014392880522E-4	0.1826672769612445	0.3694651988824545	0.10598009362054314	0.002563603002702012	0.08069087089569119	7.52536920492135E-5
97	97	0.0019477571618842203	2.7189864958847304E-4	0.35145828703973075	3.027609442555525E-4	0.09764959398272274	0.5125340864309682	1.9248393683756363E-4	1.8638302316887682E-4	0.01621717171069858	0.01923957712014501
98	98	1.2917577999047968E-4	0.08853499889159691	0.0582702285988574	0.003420510435834225	0.005543318046351961	0.3488140360754241	0.06693298131494832	0.3783673460205176	0.04884310672732732	0.0011442981091516887
99	99	2.0812295903509072E-4	2.7142656490426514E-4	0.28487047536154514	0.01766475932276657	0.07490876837803608	0.5463692459867213	1.921497361393454E-4	0.07484491282128948	5.627429641812378E-4	1.0739590538155053E-4
100	100	0.0014395071264165827	2.0094909745679992E-4	9.260298139201032E-5	2.2375814880068104E-4	0.022037239439213194	0.4443494905019105	0.49888695898111474	1.3774801877001835E-4	0.032552235763573245	7.950994135224138E-5
101	101	1.9979739025197867E-4	2.6056865405122337E-4	1.2007734559561264E-4	0.3853202247767718	0.09024694924702854	0.5095115967025154	1.8446314619125986E-4	0.0035122102221193706	0.010541012781940074	1.030997335347533E-4
102	102	1.0387689598814779E-4	0.01833378540474361	6.24295538757409E-5	0.3043226500716572	0.2323698712507986	0.2952312944874732	9.590445113617412E-5	9.286469214933275E-5	0.14933372048854246	5.360270363536071E-5
103	103	2.451545198834185E-4	3.197218101799686E-4	0.28442816579839436	0.01671749891205181	0.03301735575888388	0.596546089324331	0.028858940646736685	0.03703250994900787	0.0027080582964420508	1.2650498408885256E-4
104	104	1.560890434433476E-4	0.0015057285912820032	0.44413132683256057	2.2667184419739288E-4	0.0014895952248154217	0.414977248456908	1.441093700134504E-4	1.3954172224114376E-4	0.07464532877251137	0.06258436014202734
105	105	1.2931513523549963E-4	0.07460606911135086	0.007629340233904118	0.03794590294390971	0.14471491119904994	0.3340870929522183	0.37662170768210146	0.00874603178384125	0.015452899578350523	6.672938003832891E-5
106	106	2.4267296336521834E-4	3.164854523822818E-4	1.4584537491689378E-4	3.524086439981625E-4	2.9140277032379814E-4	0.6208748543867382	0.04678717073843625	0.3200853546453019	0.010778580576772907	1.252244477642529E-4
107	107	2.1875788851514173E-4	2.85296261886051E-4	0.3487014339835969	3.176792741410588E-4	2.62685442413951E-4	0.5815882053707692	0.0020269420659509278	1.9556691388347407E-4	5.91498713989952E-4	0.06581193408485343
108	108	2.3098245842244396E-4	3.012391114051742E-4	0.3238674792972694	0.004189344359931612	0.013766058921156859	0.5755492359774614	0.05994890036261687	2.064955319394963E-4	0.02182107208302316	1.1919189677363847E-4
109	109	1.695573078874488E-4	0.01153729813051398	0.20096387661552592	2.462304004697339E-4	0.09922007094011553	0.43663867351253194	0.0722971118793923	0.10765517359895825	0.07118451241138916	8.749520321571352E-5
110	110	1.389056545882664E-4	1.8115581695297072E-4	0.0475947528819101	0.0465541779068476	0.17514733391894471	0.38551697090700426	0.3396600121406694	1.2417997985435293E-4	0.0050108324997508585	7.16782934775041E-5
111	111	1.4512817383084198E-4	0.05830394905572895	0.22528159883414645	2.1075451602198147E-4	0.10792856943964733	0.3725188094629965	0.0013447121952450685	0.1248341561534376	0.06456070192507223	0.044871620243873096
112	112	2.1483716689291133E-4	2.801829961185369E-4	1.291161846671165E-4	3.1198561889729325E-4	0.05581820023967398	0.5783336630638758	0.31742929826895605	1.9206183604120582E-4	0.04359526354007229	0.003695391084804826
113	113	2.1105451024270084E-4	0.058378636304445466	0.29416519276264774	3.064924610179579E-4	0.040749734883670514	0.562868765999075	0.03012690389227327	1.8868018661871534E-4	0.012895630351402768	1.0890864860590852E-4
114	114	2.3976061477776073E-4	3.1268727088148865E-4	1.4409506632982963E-4	3.481793437814289E-4	2.879056092277904E-4	0.6154238451124688	0.004221734261826497	0.37624959567906185	6.482879144112306E-4	0.0021239091272331266
115	115	2.3738652694217356E-4	3.0959106991941326E-4	1.426682500678724E-4	3.4473170353642695E-4	0.00622620030982888	0.6449768471777574	0.34678598911031844	2.1222069195636647E-4	6.418686263518114E-4	1.2249653332114155E-4
116	116	2.594831858558889E-4	0.0025031305419073967	0.002320670039009195	3.768203775143063E-4	3.115885600203974E-4	0.7006838074348981	2.3956811841407255E-4	0.2513397030487322	0.03750188622113019	0.00446334247251817
117	117	2.2834242318502316E-4	0.0022027280557785837	0.18110577130971428	3.3159789457378884E-4	2.741945941395372E-4	0.6070695827775748	2.1081737722661927E-4	0.16402828603783123	0.04443084994794119	1.1782958203490654E-4
118	118	3.050467369288335E-4	0.0029426639009273786	0.21394928612150532	4.429875723541861E-4	0.005455967054760677	0.7550088179835003	2.816347138383753E-4	2.7270810363150255E-4	0.021183477161426524	1.5741065112684702E-4
119	119	0.0014544639551156541	2.0303700738981723E-4	9.356514886189388E-5	2.260830503174691E-4	0.08980279055676095	0.4281859038414491	1.4373503717381592E-4	0.47029767045783644	0.003018513063933298	0.006574237881161516
120	120	2.4666796535862534E-4	3.216955919693964E-4	0.23885439680833112	3.5821016888063444E-4	0.016758693121252544	0.6413850606239283	2.277364528999303E-4	0.0928220420693352	0.008898211243668313	1.272859543758839E-4
121	121	1.6860333608989634E-4	2.198864774864358E-4	1.013298573655379E-4	2.448450466877306E-4	0.028333709458060373	0.4426214101383717	0.36164222344922553	1.5072934893169297E-4	0.16643025995444946	8.700293333169107E-5
122	122	1.95879494286902E-4	0.0018895711607118464	1.1772270749341896E-4	2.844553674683761E-4	2.3521296519103265E-4	0.4782769508619975	1.8084594470901513E-4	0.5067498609704029	0.010334310425147025	0.0017351901025920691
123	123	2.8611570462794685E-4	3.7314193125244366E-4	0.2603442581513598	4.1549600786292283E-4	3.435690066398191E-4	0.7129271907678637	0.024133175323513844	2.557839890825705E-4	7.736272848878109E-4	1.4764183290906307E-4
124	124	2.327766602383145E-4	3.035790456338848E-4	0.4021182323961823	3.380372747397822E-4	2.7951924565276277E-4	0.585845701182914	2.1491129115000138E-4	0.009917721136760668	6.2940402338135E-4	1.2011774334696223E-4
125	125	1.902825208743512E-4	2.481596996395826E-4	1.1435895129069419E-4	0.0018637471629743066	2.2849209470250046E-4	0.5122334692169271	1.7567853324520236E-4	0.4287734283232423	0.05607419364000053	9.818985710336351E-5
126	126	2.063317391437238E-4	2.6909051959549194E-4	0.28758265221846857	0.0020209433409524727	0.12590334063210204	0.5244538010722207	1.9049599053103092E-4	0.04665980832256763	0.012607064566873164	1.0647159754515099E-4
127	127	0.10279564146791406	0.006785061870752327	9.479634517736948E-5	0.03838930633304143	0.030454430041338822	0.4680329128264702	0.26726736466014506	1.4101067307480944E-4	0.08595808259439199	8.13931876939524E-5
128	128	0.002476618175157129	0.0025192138601066367	0.4627263208292713	2.0336785513029855E-4	1.6816260721484134E-4	0.36647225839973435	0.05153397762475756	1.2519552595450088E-4	0.04010045939226512	0.07367442573040832
129	129	2.3833049772071472E-4	3.108221630529019E-4	0.427618459209994	0.0023343593880099265	2.8618831832512265E-4	0.5680113322869198	2.2003887732190508E-4	2.1306459044710682E-4	6.444210257433998E-4	1.229836424651071E-4
130	130	1.3029910487601977E-4	1.6993146076034604E-4	0.4914076902624439	0.001276231710274274	1.5646374282923247E-4	0.33771620138877395	0.005555358307888115	1.1648582821560061E-4	0.1123145415275953	0.051156796666343235
131	131	2.244936175338501E-4	0.11640783798485484	1.3491966868348242E-4	3.2600867539694516E-4	2.69572931249544E-4	0.581854586197615	0.009571381817405371	0.24928622950171878	0.04180912608967443	1.1584351586776317E-4
132	132	2.0921269718087116E-4	2.7284776265642884E-4	0.43995229165646443	3.038177879327627E-4	0.04563015388982435	0.5125778390029083	1.9315583800404835E-4	1.8703362795563258E-4	5.656895034635015E-4	1.0795823360971671E-4
133	133	2.04571088589937E-4	0.008799900111562176	1.2294631712909116E-4	0.0071235618795685175	0.03608469410345978	0.5319249293940459	0.40977794742003354	1.8288408585799443E-4	0.005673002535611293	1.0556306414181524E-4
134	134	0.0038546359112542183	0.10756612915876293	1.3099439833401684E-4	3.165239783198551E-4	2.6173014120730974E-4	0.5776548221265946	0.020202938608160588	0.26385368979927465	0.026046062642646924	1.1247323544497078E-4
135	135	1.734836479303003E-4	2.262512067053737E-4	0.49507271611578646	2.5193221475999984E-4	2.083199335918015E-4	0.4366187282756097	1.6016895650939624E-4	0.05080975855330735	0.016389119817009697	8.952127878994546E-5
136	136	2.088481853632378E-4	2.723723793013875E-4	0.2562439929781105	3.0328844542343606E-4	2.5078582693348507E-4	0.5900883884687883	1.9281930209324517E-4	1.8670775878706233E-4	0.13646430348822358	0.015788493166975684
137	137	1.4119633366672718E-4	0.001362064574784514	0.3428599670316477	0.027297235433406276	1.6954918347506724E-4	0.370671908179876	0.05078097709142177	0.008371677168561234	0.19827256467020654	7.286033295412136E-5
138	138	1.8414393304215632E-4	2.4015397160082814E-4	1.1066968722340146E-4	0.00487603980183186	2.21120851217558E-4	0.47881032093510195	0.5071189553828218	1.6462245517115113E-4	0.008178950767711416	9.50222142778952E-5
139	139	1.575249049528482E-4	0.02780240760792152	9.467176937638635E-5	2.2875699616700364E-4	0.0041315807794858675	0.3806845195482753	0.5652262334782671	0.001454966756851336	0.02013805193316565	8.128622553699822E-5
140	140	0.024323502294771045	0.04987740528040467	0.21890241828061097	0.05258595740599884	0.11295199171172306	0.4291317990548238	1.4855866406269383E-4	0.048469038176268686	0.0044621781605916925	0.05914715097074457
141	141	2.088481853632378E-4	2.723723793013875E-4	0.4688049051526951	3.0328844542343606E-4	0.017673811415014184	0.5116847733224252	1.9281930209324517E-4	1.8670775878706233E-4	5.647039011941262E-4	1.077701377030541E-4
142	142	1.546791216461464E-4	0.004072928894385004	0.011706567113439478	2.2462436176752144E-4	0.04018815882656462	0.4796200734001535	0.4608158316643226	1.3828126915957825E-4	0.002999037608174699	7.9817740386874E-5
143	143	2.4024114211049433E-4	3.1331395754725195E-4	0.254677311688893	3.488771635277426E-4	0.1225444558371919	0.6046320976021137	0.01625537313858851	2.14772683487199E-4	6.495872106390294E-4	1.2396957590106195E-4
144	144	0.001294716482578038	1.8073693687377238E-4	8.328865077768744E-5	0.009450307890644395	0.0036348088872651322	0.3834694218680391	0.45795622600992686	0.0012800248574921158	0.14257895586206504	7.151255433783047E-5
145	145	0.0017336692460036933	2.4201288335423953E-4	0.42119471188181506	2.694829459331186E-4	2.228324371076963E-4	0.47477605236268455	1.713270463973977E-4	0.08531139379456115	5.017601994736545E-4	0.015576757202669456
146	146	0.004124635033344063	3.041697202115819E-4	0.28032136298246074	3.3869499478790305E-4	2.8006310701196634E-4	0.6006055018689778	0.0021610321740970686	0.11111356000583329	6.30628656507577E-4	1.2035145676804914E-4
147	147	2.0812295903509072E-4	0.09402905642371846	0.014015100213859695	3.0223527483801143E-4	2.4991497194328265E-4	0.5585230128202713	1.921497361393454E-4	0.32833776392104635	0.004035247773766949	1.0739590538155053E-4
148	148	2.336842545133338E-4	3.047626978245772E-4	1.4044320075483466E-4	3.3935527928105727E-4	2.806090888821159E-4	0.6700087352250129	0.31213508825161307	2.0891090505826358E-4	0.016227825015623976	1.205860814358339E-4
149	149	1.637660453778266E-4	2.1357785489377402E-4	9.842266709720109E-5	0.03712542837438306	0.04254908983190784	0.4230914032214504	0.4947183861877992	1.464048693778908E-4	0.0018090141600155944	8.450678769727838E-5
150	150	2.634756461717716E-4	3.436155718133809E-4	0.23754544064349079	3.8261821138350086E-4	0.07285132779165089	0.6675040961931586	0.02002551190721418	2.3554404988554726E-4	7.124109074927707E-4	1.3595907773844194E-4
151	151	2.492323313232408E-4	3.250399469034219E-4	1.4978752597397671E-4	3.6193413021432913E-4	0.021091326288854864	0.6376568912866508	0.016863741606740496	0.3162619251043632	0.0069115125568267105	1.2860922214882133E-4
152	152	1.66959463655958E-4	0.005789136962047421	0.02656446512895176	2.4245782213944703E-4	0.004379031437604769	0.4174131490186631	0.5196866699912888	0.02382768579615549	0.0018442897195533746	8.61546599398794E-5
153	153	0.0017072394726344396	0.023105811038389632	0.4361165904334609	2.653746806430069E-4	0.0063174320622929716	0.5056505747558246	1.6871516698686729E-4	1.6336762118488384E-4	0.0264105968607416	9.429790784107096E-5
154	154	1.8528246333532558E-4	0.0033330528781639846	0.27061008557372707	0.004906187517987209	0.05586794136832399	0.4740421876771148	1.710622249759963E-4	0.09599947663815253	0.09478911393791972	9.560972029936505E-5
155	155	1.6860333608989634E-4	2.198864774864358E-4	1.013298573655379E-4	0.004464532520372313	0.10006839651069827	0.4426214101383717	0.4516622228878299	1.5072934893169297E-4	4.5588598952255125E-4	8.700293333169107E-5
156	156	2.088481853632378E-4	2.723723793013875E-4	1.2551683332425167E-4	3.0328844542343606E-4	0.007219996062165765	0.5012309579695767	0.48803753576835285	1.8670775878706233E-4	0.0023070064600021964	1.077701377030541E-4
157	157	1.379465304391857E-4	0.04966473758953754	8.29052531085188E-5	2.0032536407099533E-4	0.33620218465269835	0.3529339684647408	0.260210433089567	1.2332253443311575E-4	3.7299315653481605E-4	7.11833648697167E-5
158	158	1.9304044674068002E-4	2.5175648851683496E-4	0.09674166739357848	2.803325147115791E-4	0.0549863393575841	0.4987221453725617	1.782247911398809E-4	0.30293294877980664	0.04561393184942799	9.9613005932127E-5
159	159	2.0249756878286735E-4	2.640901309063731E-4	1.217001409194878E-4	2.940661070689469E-4	2.4315997838768275E-4	0.5079508190229011	0.01201221672682777	0.47657010180188747	0.0022368554388169743	1.0449308350133588E-4
160	160	0.02985351398157379	0.10854809653723373	1.0689286253325137E-4	0.2124392154823668	0.06846757961605919	0.456534829060097	0.11293169555747441	0.01054548339938236	4.8091411234377847E-4	9.177939093573617E-5
161	161	2.004656613306872E-4	0.0019338120804451332	1.2047897355065466E-4	2.911153797195845E-4	0.003585463836927407	0.5463355921586298	1.8508012815249438E-4	0.4316511617635927	0.015593385441924082	1.0344457572742127E-4
162	162	0.06894427043721016	0.003089504005806694	0.0015359781896087592	0.03606842983418191	2.0623062489627547E-4	0.5038777850172033	0.2852779962360083	1.535368176043354E-4	0.10075764539685202	8.862344062829867E-5
163	163	2.1142677119440558E-4	2.7573527927988854E-4	0.4128595999564407	3.07033056786784E-4	0.05316830956377889	0.5162385773231967	0.010778085456025259	1.8901298341968275E-4	0.005863118866646008	1.0910074323175797E-4
164	164	0.0023169154885516385	1.7086009555014264E-4	0.48534949843665176	1.9025384621310069E-4	0.004529127440225038	0.38109392193068875	0.0012139083518777495	1.1712239540636838E-4	0.09325517466219303	0.031763217352642426
165	165	2.895715995914506E-4	3.776489866151133E-4	1.7403124732993168E-4	4.205146438123077E-4	0.010010648668692376	0.7336170597812441	2.6734727736387804E-4	0.2539107809790293	7.829716675771479E-4	1.4942514874422976E-4
166	166	2.1955926826044335E-4	0.06439440916573065	0.007458590463549349	3.188430343945828E-4	0.0020953068219899036	0.629510224984864	2.0270832040245385E-4	0.291430076934453	0.004256983720419205	1.1329728593646106E-4
167	167	2.0776223136126457E-4	2.7095611669506E-4	1.2486417978442606E-4	3.017114276462072E-4	2.4948180855323003E-4	0.6008860331200815	0.39190474765875244	1.8573692900703995E-4	0.0057614967659447265	1.0720976217415838E-4
168	168	1.9273006893456802E-4	2.513517048152862E-4	1.1582991682191496E-4	0.0034955582029678888	0.0372117099234879	0.5059594718956224	0.42625506356447435	1.7229835710118308E-4	0.026246533521439453	9.945284433509667E-5
169	169	1.534907344062166E-4	2.0017715958712615E-4	0.4405796319143726	2.228985908783347E-4	1.8431235439150093E-4	0.40678891548614204	1.417104785206141E-4	1.3721886530027475E-4	0.09389054365968882	0.05770110075671248
170	170	1.6813036436160123E-4	0.0324794550094313	1.010456034540938E-4	0.0016467749541519163	0.025448993276838545	0.41192480187154135	0.4938763242898006	0.0113712405578624	0.02289647520277055	8.675886978764178E-5
171	171	1.617768582663123E-4	2.109836277737419E-4	0.38608655629506594	0.0015845447035454832	0.16889589222906315	0.3936592814517087	0.012295878000851948	1.4462656009187522E-4	0.036876979949098505	8.348032453432493E-5
172	172	0.009875633813692802	0.02657083836477828	9.992435881484798E-5	0.039078925295890084	1.9965141162733626E-4	0.44480433416206	0.3704965824021564	1.48638653385703E-4	0.10863967538082296	8.579615677162604E-5
173	173	2.0215606190834967E-4	0.0019501186989262043	0.46221535696276	2.935701722400484E-4	2.4274989541865706E-4	0.534077756385505	1.8664079222566315E-4	1.807250811324044E-4	5.466090912455728E-4	1.0431685863814496E-4
174	174	1.6287595583488896E-4	0.001571199221436637	9.78877272287495E-5	2.3652776947093832E-4	1.9558216989336817E-4	0.42350941134759557	0.5735564594406074	1.456091400619159E-4	4.403997454453059E-4	8.404748242515643E-5
175	175	1.6557573210482452E-4	2.1593798399312564E-4	9.951028079557555E-5	0.0071469728712636165	0.049925800460177694	0.43191066374648074	0.5057104612326092	0.004291937406399249	4.476996613595013E-4	8.544062481646976E-5
176	176	2.240739665277362E-4	2.922293018563232E-4	1.3466746028963336E-4	0.0021947219192467618	0.19280930291560736	0.5863748802130065	0.1703152385123248	0.009546932719778517	0.0379923260244037	1.1562696695862394E-4
177	177	2.2533765286921067E-4	2.9387735666187224E-4	1.3542693017739473E-4	3.272343799167079E-4	0.005910181096554636	0.5896817968467923	0.39121993853257775	2.0144914385716796E-4	0.011888479004410828	1.1627905618217792E-4
178	178	1.8819135028136898E-4	0.011235252150955652	1.1310216703702487E-4	0.01754300732010295	0.1336737914280296	0.4783445794310307	1.7374785784289777E-4	0.354982419091199	0.003648798435241598	9.711076827922886E-5
179	179	1.7999625524330067E-4	2.3474471765550412E-4	1.081769512580101E-4	0.009271032916014235	0.034753105597143515	0.4455014378482128	0.5002013749238584	0.007668950415117345	0.0019882984518169197	9.288192367995134E-5
180	180	2.497516160571896E-4	0.0232446219746097	0.3064300091471865	3.6268823329364266E-4	2.999028478602317E-4	0.6431525464842249	2.3058343658122196E-4	2.232749324892762E-4	6.753025489387765E-4	0.025131318778758384
181	181	2.1483716689291133E-4	2.801829961185369E-4	1.291161846671165E-4	0.0021042508710639677	0.016388364692007138	0.5962563155855425	0.3765740515904563	1.9206183604120582E-4	0.007749958496738795	1.1086058047147651E-4
182	182	1.971682745294699E-4	2.5713985478465113E-4	1.1849725870446558E-4	0.01344523615760791	2.3676053822024423E-4	0.5159658890793642	0.4623887224795944	1.7626605937362134E-4	0.007112577244321366	1.0174305349963956E-4
183	183	1.902825208743512E-4	0.0034229990925624494	0.17631794525850977	2.7632746651287356E-4	0.22722950868868746	0.5074712101275428	0.0716095648740097	1.7011027865534016E-4	0.01321386183554184	9.818985710336351E-5
184	184	0.0041166253042534086	0.017780897943701808	1.3989774062002185E-4	3.380372747397822E-4	0.027466459753758422	0.6926515388933291	0.24489737586410096	2.080995267229331E-4	0.012280949955426633	1.2011774334696223E-4
185	185	1.3044089568253078E-4	0.0034347007364718615	7.839439990141408E-5	0.0176005422848767	0.08612402207831728	0.3413482867553629	0.434310149196399	1.1661258748647596E-4	0.1167895407689563	6.731029654562912E-5
